     [38;2;0;0;0m▄[0m[38;2;0;0;0m▄[0m[48;2;0;0;0m[38;2;186;75;65m▄[0m[48;2;0;0;0m[38;2;246;80;65m▄[0m[48;2;0;0;0m[38;2;169;67;60m▄[0m[38;2;0;16;16m▄[0m[38;2;0;0;0m▄[0m            
   [38;2;0;0;0m▄[0m[48;2;0;0;0m[38;2;65;64;65m▄[0m[48;2;255;85;82m[38;2;65;64;65m▄[0m[48;2;255;85;82m[38;2;160;64;74m▄[0m[48;2;65;64;65m[38;2;255;85;82m▄[0m[48;2;65;64;65m[38;2;255;85;82m▄[0m[48;2;84;41;38m[38;2;255;85;82m▄[0m[48;2;255;93;82m[38;2;183;71;43m▄[0m[48;2;255;85;82m[38;2;255;85;82m▄[0m[48;2;0;0;0m[38;2;255;85;82m▄[0m[38;2;0;0;0m▄[0m     [38;2;0;0;0m▄[0m[48;2;0;0;0m[38;2;246;213;49m▄[0m[48;2;0;0;0m[38;2;197;164;41m▄[0m[38;2;0;0;0m▄[0m 
   [48;2;0;0;0m[38;2;8;0;8m▄[0m[48;2;65;64;65m[38;2;98;206;148m▄[0m[48;2;65;64;65m[38;2;246;80;65m▄[0m[48;2;65;64;65m[38;2;65;64;65m▄[0m[48;2;65;64;65m[38;2;65;64;65m▄[0m[48;2;255;85;82m[38;2;255;85;82m▄[0m[48;2;255;85;82m[38;2;254;84;79m▄[0m[48;2;255;85;82m[38;2;254;84;79m▄[0m[48;2;183;71;43m[38;2;183;71;43m▄[0m[48;2;255;85;82m[38;2;255;85;82m▄[0m[48;2;0;0;0m[38;2;0;0;0m▄[0m   [38;2;0;0;0m▄[0m[48;2;0;0;0m[38;2;246;213;49m▄[0m[48;2;246;213;49m[38;2;197;164;41m▄[0m[48;2;197;164;41m[38;2;197;164;41m▄[0m[48;2;197;164;41m[38;2;197;164;41m▄[0m[48;2;197;164;41m[38;2;197;164;41m▄[0m[48;2;0;0;0m[38;2;0;0;0m▄[0m
 [38;2;0;0;0m▄[0m[38;2;0;0;0m▄[0m[48;2;8;0;8m[38;2;255;255;255m▄[0m[48;2;38;68;54m[38;2;65;64;65m▄[0m[48;2;65;64;65m[38;2;65;64;65m▄[0m[48;2;186;75;65m[38;2;65;64;65m▄[0m[48;2;255;85;82m[38;2;65;64;65m▄[0m[48;2;255;85;82m[38;2;65;64;65m▄[0m[48;2;254;84;79m[38;2;255;85;82m▄[0m[48;2;254;84;79m[38;2;255;85;82m▄[0m[48;2;183;71;43m[38;2;183;71;43m▄[0m[48;2;255;85;82m[38;2;65;65;65m▄[0m[48;2;0;0;0m[38;2;246;213;49m▄[0m[48;2;0;0;0m[38;2;65;65;65m▄[0m[48;2;0;0;0m[38;2;65;65;65m▄[0m[48;2;0;0;0m[38;2;65;65;65m▄[0m[48;2;197;164;41m[38;2;65;65;65m▄[0m[48;2;197;164;41m[38;2;197;164;41m▄[0m[48;2;197;164;41m[38;2;197;164;41m▄[0m[48;2;197;164;41m[38;2;197;164;41m▄[0m[48;2;197;164;41m[38;2;0;0;0m▄[0m[38;2;0;0;0m▀[0m 
[38;2;0;0;0m▀[0m[48;2;255;255;255m[38;2;0;0;0m▄[0m[48;2;255;255;255m[38;2;0;0;0m▄[0m[48;2;255;255;255m[38;2;255;250;255m▄[0m[48;2;255;255;255m[38;2;255;250;255m▄[0m[48;2;255;255;255m[38;2;255;255;255m▄[0m[48;2;255;255;255m[38;2;255;255;255m▄[0m[48;2;255;255;255m[38;2;65;65;65m▄[0m[48;2;255;255;255m[38;2;65;65;65m▄[0m[48;2;65;65;65m[38;2;197;164;41m▄[0m[48;2;65;65;65m[38;2;246;213;49m▄[0m[48;2;65;65;65m[38;2;246;213;49m▄[0m[48;2;246;213;49m[38;2;246;213;49m▄[0m[48;2;246;213;49m[38;2;156;131;65m▄[0m[48;2;246;213;49m[38;2;0;0;0m▄[0m[48;2;65;65;65m[38;2;0;0;0m▄[0m[48;2;65;65;65m[38;2;197;164;41m▄[0m[48;2;197;164;41m[38;2;197;164;41m▄[0m[48;2;197;164;41m[38;2;197;164;41m▄[0m[48;2;197;164;41m[38;2;0;0;0m▄[0m[38;2;0;0;0m▀[0m   
   [48;2;0;0;0m[38;2;0;0;0m▄[0m[48;2;65;65;65m[38;2;197;164;41m▄[0m[48;2;65;65;65m[38;2;197;164;41m▄[0m[48;2;65;65;65m[38;2;246;213;49m▄[0m[48;2;246;213;49m[38;2;246;213;49m▄[0m[48;2;197;164;41m[38;2;246;213;49m▄[0m[48;2;255;255;255m[38;2;0;0;0m▄[0m[48;2;0;0;0m[38;2;65;65;65m▄[0m[48;2;246;213;49m[38;2;246;213;49m▄[0m[48;2;246;213;49m[38;2;246;213;49m▄[0m[48;2;246;213;49m[38;2;246;213;49m▄[0m[48;2;0;0;0m[38;2;246;213;49m▄[0m[38;2;0;0;0m▄[0m[38;2;0;0;0m▀[0m[48;2;197;164;41m[38;2;0;0;0m▄[0m[48;2;197;164;41m[38;2;197;164;41m▄[0m[48;2;197;164;41m[38;2;197;164;41m▄[0m[48;2;0;0;0m[38;2;0;0;0m▄[0m   
   [38;2;0;0;0m▄[0m[48;2;0;0;0m[38;2;197;164;41m▄[0m[48;2;246;213;49m[38;2;65;65;65m▄[0m[48;2;246;213;49m[38;2;197;164;41m▄[0m[48;2;246;213;49m[38;2;246;213;49m▄[0m[48;2;246;213;49m[38;2;246;213;49m▄[0m[48;2;246;213;49m[38;2;246;213;49m▄[0m[48;2;246;98;82m[38;2;246;98;82m▄[0m[48;2;246;98;82m[38;2;246;98;82m▄[0m[48;2;246;213;49m[38;2;246;213;49m▄[0m[48;2;246;213;49m[38;2;246;213;49m▄[0m[48;2;246;213;49m[38;2;246;213;49m▄[0m[48;2;246;213;49m[38;2;164;106;49m▄[0m[48;2;0;0;0m[38;2;65;65;65m▄[0m[48;2;197;164;41m[38;2;164;106;49m▄[0m[48;2;197;164;41m[38;2;0;0;0m▄[0m[38;2;0;0;0m▀[0m    
    [38;2;0;0;0m▀[0m[38;2;0;0;0m▀[0m[38;2;0;0;0m▀[0m[48;2;197;164;41m[38;2;0;0;0m▄[0m[48;2;197;164;41m[38;2;197;164;41m▄[0m[48;2;246;213;49m[38;2;197;164;41m▄[0m[48;2;246;213;49m[38;2;65;65;65m▄[0m[48;2;65;65;65m[38;2;246;213;49m▄[0m[48;2;246;213;49m[38;2;246;213;49m▄[0m[48;2;246;213;49m[38;2;65;65;65m▄[0m[48;2;246;213;49m[38;2;246;213;49m▄[0m[48;2;246;213;49m[38;2;246;213;49m▄[0m[48;2;246;213;49m[38;2;164;106;49m▄[0m[48;2;65;65;65m[38;2;65;65;65m▄[0m[48;2;164;106;49m[38;2;0;0;0m▄[0m[38;2;0;0;0m▀[0m    
       [38;2;0;0;0m▀[0m[48;2;197;164;41m[38;2;0;0;0m▄[0m[48;2;197;164;41m[38;2;197;164;41m▄[0m[48;2;197;164;41m[38;2;197;164;41m▄[0m[48;2;65;65;65m[38;2;246;213;49m▄[0m[48;2;65;65;65m[38;2;246;213;49m▄[0m[48;2;246;213;49m[38;2;246;213;49m▄[0m[48;2;246;213;49m[38;2;246;213;49m▄[0m[48;2;246;213;49m[38;2;246;213;49m▄[0m[48;2;246;213;49m[38;2;65;65;65m▄[0m[48;2;0;0;0m[38;2;0;0;0m▄[0m      
         [38;2;0;0;0m▀[0m[38;2;0;0;0m▀[0m[38;2;0;0;0m▀[0m[48;2;246;213;49m[38;2;0;0;0m▄[0m[48;2;246;213;49m[38;2;0;0;0m▄[0m[48;2;246;213;49m[38;2;246;213;49m▄[0m[48;2;246;213;49m[38;2;0;0;0m▄[0m[38;2;0;0;0m▀[0m       
              [38;2;0;0;0m▀[0m         
